# t=3.00
# x u
0.0250000000 1.7827161989757202e-03
0.0750000000 3.5658186853493603e-03
0.1250000000 5.3496919145615785e-03
0.1750000000 7.1347166819860893e-03
0.2250000000 8.9212683025092655e-03
0.2750000000 1.0709714801629027e-02
0.3250000000 1.2500415121885393e-02
0.3750000000 1.4293717348411604e-02
0.4250000000 1.6089956957365360e-02
0.4750000000 1.7889455090964387e-02
0.5250000000 1.9692516862809477e-02
0.5750000000 2.1499429697130774e-02
0.6250000000 2.3310461705540277e-02
0.6750000000 2.5125860104814136e-02
0.7250000000 2.6945849679163563e-02
0.7750000000 2.8770631290381876e-02
0.8250000000 3.0600380439178280e-02
0.8750000000 3.2435245880925820e-02
0.9250000000 3.4275348298961797e-02
0.9750000000 3.6120779038483930e-02
1.0250000000 3.7971598903984265e-02
1.0750000000 3.9827837023055888e-02
1.1250000000 4.1689489779294167e-02
1.1750000000 4.3556519816895803e-02
1.2250000000 4.5428855119433315e-02
1.2750000000 4.7306388165152938e-02
1.3250000000 4.9188975161006850e-02
1.3750000000 5.1076435357489125e-02
1.4250000000 5.2968550446197173e-02
1.4750000000 5.4865064041887915e-02
1.5250000000 5.6765681250639632e-02
1.5750000000 5.8670068325567745e-02
1.6250000000 6.0577852411374540e-02
1.6750000000 6.2488621378840634e-02
1.7250000000 6.4401923750188717e-02
1.7750000000 6.6317268716069452e-02
1.8250000000 6.8234126244733767e-02
1.8750000000 7.0151927283767623e-02
1.9250000000 7.2070064054573446e-02
1.9750000000 7.3987890439587353e-02
2.0250000000 7.5904722462023816e-02
2.0750000000 7.7819838857740187e-02
2.1250000000 7.9732481738611624e-02
2.1750000000 8.1641857346604396e-02
2.2250000000 8.3547136897531876e-02
2.2750000000 8.5447457513272748e-02
2.3250000000 8.7341923241027686e-02
2.3750000000 8.9229606157985975e-02
2.4250000000 9.1109547559571541e-02
2.4750000000 9.2980759229236154e-02
2.5250000000 9.4842224787568985e-02
2.5750000000 9.6692901118294233e-02
2.6250000000 9.8531719868535900e-02
2.6750000000 1.0035758902053871e-01
2.7250000000 1.0216939453184867e-01
2.7750000000 1.0396600204077618e-01
2.8250000000 1.0574625863378931e-01
2.8750000000 1.0750899467131575e-01
2.9250000000 1.0925302566826878e-01
2.9750000000 1.1097715422545716e-01
3.0250000000 1.1268017200789052e-01
3.0750000000 1.1436086176585206e-01
3.1250000000 1.1601799939447863e-01
3.1750000000 1.1765035602746632e-01
3.2250000000 1.1925670016040704e-01
3.2750000000 1.2083579979915879e-01
3.3250000000 1.2238642462856067e-01
3.3750000000 1.2390734819672225e-01
3.4250000000 1.2539735011004738e-01
3.4750000000 1.2685521823409399e-01
3.5250000000 1.2827975089532598e-01
3.5750000000 1.2966975907877809e-01
3.6250000000 1.3102406861663535e-01
3.6750000000 1.3234152236271723e-01
3.7250000000 1.3362098234786335e-01
3.7750000000 1.3486133191123356e-01
3.8250000000 1.3606147780256581e-01
3.8750000000 1.3722035225047835e-01
3.9250000000 1.3833691499196080e-01
3.9750000000 1.3941015525826703e-01
4.0250000000 1.4043909371250612e-01
4.0750000000 1.4142278433432443e-01
4.1250000000 1.4236031624717913e-01
4.1750000000 1.4325081548382548e-01
4.2250000000 1.4409344668577401e-01
4.2750000000 1.4488741473261768e-01
4.3250000000 1.4563196629728842e-01
4.3750000000 1.4632639132346903e-01
4.4250000000 1.4697002442156673e-01
4.4750000000 1.4756224617984359e-01
4.5250000000 1.4810248438749946e-01
4.5750000000 1.4859021516671064e-01
4.6250000000 1.4902496401084644e-01
4.6750000000 1.4940630672631033e-01
4.7250000000 1.4973387027568646e-01
4.7750000000 1.5000733352011178e-01
4.8250000000 1.5022642785904089e-01
4.8750000000 1.5039093776582180e-01
4.9250000000 1.5050070121775705e-01
4.9750000000 1.5055561001958601e-01
5.0250000000 1.5055561001958598e-01
5.0750000000 1.5050070121775699e-01
5.1250000000 1.5039093776582174e-01
5.1750000000 1.5022642785904086e-01
5.2250000000 1.5000733352011175e-01
5.2750000000 1.4973387027568646e-01
5.3250000000 1.4940630672631039e-01
5.3750000000 1.4902496401084647e-01
5.4250000000 1.4859021516671067e-01
5.4750000000 1.4810248438749951e-01
5.5250000000 1.4756224617984365e-01
5.5750000000 1.4697002442156679e-01
5.6250000000 1.4632639132346908e-01
5.6750000000 1.4563196629728845e-01
5.7250000000 1.4488741473261774e-01
5.7750000000 1.4409344668577406e-01
5.8250000000 1.4325081548382557e-01
5.8750000000 1.4236031624717918e-01
5.9250000000 1.4142278433432451e-01
5.9750000000 1.4043909371250618e-01
6.0250000000 1.3941015525826708e-01
6.0750000000 1.3833691499196082e-01
6.1250000000 1.3722035225047835e-01
6.1750000000 1.3606147780256583e-01
6.2250000000 1.3486133191123365e-01
6.2750000000 1.3362098234786340e-01
6.3250000000 1.3234152236271732e-01
6.3750000000 1.3102406861663546e-01
6.4250000000 1.2966975907877820e-01
6.4750000000 1.2827975089532606e-01
6.5250000000 1.2685521823409412e-01
6.5750000000 1.2539735011004752e-01
6.6250000000 1.2390734819672242e-01
6.6750000000 1.2238642462856084e-01
6.7250000000 1.2083579979915898e-01
6.7750000000 1.1925670016040724e-01
6.8250000000 1.1765035602746651e-01
6.8750000000 1.1601799939447879e-01
6.9250000000 1.1436086176585222e-01
6.9750000000 1.1268017200789067e-01
7.0250000000 1.1097715422545731e-01
7.0750000000 1.0925302566826890e-01
7.1250000000 1.0750899467131586e-01
7.1750000000 1.0574625863378941e-01
7.2250000000 1.0396600204077627e-01
7.2750000000 1.0216939453184876e-01
7.3250000000 1.0035758902053879e-01
7.3750000000 9.8531719868535941e-02
7.4250000000 9.6692901118294261e-02
7.4750000000 9.4842224787569027e-02
7.5250000000 9.2980759229236182e-02
7.5750000000 9.1109547559571541e-02
7.6250000000 8.9229606157985988e-02
7.6750000000 8.7341923241027686e-02
7.7250000000 8.5447457513272734e-02
7.7750000000 8.3547136897531862e-02
7.8250000000 8.1641857346604396e-02
7.8750000000 7.9732481738611610e-02
7.9250000000 7.7819838857740187e-02
7.9750000000 7.5904722462023788e-02
8.0250000000 7.3987890439587312e-02
8.0750000000 7.2070064054573391e-02
8.1250000000 7.0151927283767568e-02
8.1750000000 6.8234126244733725e-02
8.2250000000 6.6317268716069411e-02
8.2750000000 6.4401923750188661e-02
8.3250000000 6.2488621378840557e-02
8.3750000000 6.0577852411374457e-02
8.4250000000 5.8670068325567648e-02
8.4750000000 5.6765681250639521e-02
8.5250000000 5.4865064041887783e-02
8.5750000000 5.2968550446197027e-02
8.6250000000 5.1076435357488952e-02
8.6750000000 4.9188975161006648e-02
8.7250000000 4.7306388165152716e-02
8.7750000000 4.5428855119433086e-02
8.8250000000 4.3556519816895567e-02
8.8750000000 4.1689489779293917e-02
8.9250000000 3.9827837023055625e-02
8.9750000000 3.7971598903984008e-02
9.0250000000 3.6120779038483673e-02
9.0750000000 3.4275348298961547e-02
9.1250000000 3.2435245880925570e-02
9.1750000000 3.0600380439178031e-02
9.2250000000 2.8770631290381633e-02
9.2750000000 2.6945849679163324e-02
9.3250000000 2.5125860104813911e-02
9.3750000000 2.3310461705540061e-02
9.4250000000 2.1499429697130572e-02
9.4750000000 1.9692516862809289e-02
9.5250000000 1.7889455090964217e-02
9.5750000000 1.6089956957365203e-02
9.6250000000 1.4293717348411464e-02
9.6750000000 1.2500415121885267e-02
9.7250000000 1.0709714801628918e-02
9.7750000000 8.9212683025091753e-03
9.8250000000 7.1347166819860182e-03
9.8750000000 5.3496919145615265e-03
9.9250000000 3.5658186853493251e-03
9.9750000000 1.7827161989757030e-03
